0.972939
1.04809
0.979137
1.00414
0.942286
0.928073
1.02294
1.08
0.912901
0.942948
1.11556
1.01853
0.941735
1.00366
0.925592
1.04194
0.967796
1.00853
0.948242
1.01119
1.00548
1.07426
1.04909
0.94634
0.902871
1.00387
1.14014
1.07182
1.10921
0.990211
0.975695
0.9808
0.948007
0.978304
0.960325
0.985658
1.04223
1.07462
0.934248
1.00346
0.973427
1.01939
1.15536
1.01708
1.04828
1.02548
1.08741
0.986911
0.942337
0.929965
1.03391
1.05778
1.05415
0.92043
0.921078
0.943933
0.957399
0.758242
1.09893
0.930207
0.867338
0.960135
1.13022
0.902734
1.10051
1.03721
1.07192
1.10592
0.906795
1.04057
0.990926
1.04481
0.994335
0.905029
0.990016
0.98028
0.907879
1.0303
1.11146
1.04937
0.990757
0.9836
0.984583
0.944334
1.07182
1.01316
1.00018
0.980146
0.878797
0.923781
1.13968
0.941599
0.990593
0.93925
1.14335
0.869565
0.932097
1.01374
0.905909
1.00306
