""
-3.1
-5.271428571428571
-1.1642857142857144
1.473809523809524
0.5928571428571429
-0.1964285714285715
-1.8023809523809522
-2.0142857142857142
-2.376190476190476
-5.457142857142857
-4.213095238095238
-3.705952380952381
-3.073809523809524
-2.875
-2.0428571428571427
-2.289285714285714
-3.217857142857143
-5.911904761904761
-6.5773809523809526
-7.247619047619048
-6.448809523809524
-4.201190476190476
-2.321428571428571
-1.6035714285714286
-0.5726190476190476
-1.8821428571428571
-4.427380952380952
-0.7452380952380953
-1.8
-4.0511904761904765
-5.553571428571429
-3.645238095238095
-4.20952380952381
-2.6607142857142856
-1.5035714285714286
-1.5773809523809523
-2.297619047619048
-0.24285714285714288
-0.22738095238095246
-0.6035714285714286
-1.3047619047619046
-1.7285714285714282
-7.032142857142857
-12.166666666666666
-10.539285714285715
-5.845238095238095
-5.970238095238095
-4.685714285714285
-1.6916666666666664
1.3654761904761905
-2.4142857142857146
-2.7714285714285714
0.25833333333333286
1.5916666666666668
0.5964285714285715
0.1380952380952385
1.1654761904761912
1.1107142857142849
0.5119047619047619
-2.608333333333333
-4.773809523809524
-1.8833333333333333
1.4988095238095234
-1.048809523809524
-3.3999999999999995
-3.8892857142857142
-3.878571428571429
-2.8702380952380957
-0.15238095238095184
0.2988095238095241
0.8952380952380956
1.0523809523809522
0.10000000000000053
-2.0821428571428573
-1.6047619047619062
-1.2547619047619047
0.01666666666666572
0.061904761904761685
1.6607142857142865
1.170238095238096
1.4869047619047606
1.8404761904761902
2.711904761904762
2.6571428571428584
1.772619047619047
-1.3083333333333336
-3.56547619047619
-4.696428571428571
-3.8309523809523816
-2.8190476190476197
-1.2773809523809536
-1.0488095238095223
1.8130952380952383
1.5738095238095227
0.5476190476190474
-0.02738095238095184
-1.46904761904762
-2.578571428571429
-2.185714285714287
-1.4250000000000007
-2.06547619047619
-3.194047619047618
-2.963095238095237
-0.7809523809523817
0.09404761904761827
0.6773809523809522
1.1535714285714285
1.738095238095239
2.2095238095238106
3.584523809523809
3.5369047619047613
4.829761904761906
3.3845238095238113
0.9583333333333321
2.164285714285713
2.234523809523811
3.3773809523809533
3.072619047619046
1.795238095238096
0.9476190476190478
0.36071428571428577
-0.3345238095238088
0.992857142857142
2.739285714285712
1.4857142857142858
0.07738095238095433
0.7011904761904777
0.8928571428571423
0.8952380952380921
1.6440476190476172
1.7059523809523807
0.3249999999999993
-0.29047619047618767
0.485714285714284
-2.598809523809525
-6.249999999999998
-2.227380952380953
-1.3988095238095237
-1.4999999999999982
-0.5178571428571423
0.36190476190476417
-0.8190476190476197
1.273809523809522
2.3523809523809547
3.3357142857142854
1.7857142857142847
2.044047619047621
1.5119047619047628
-0.6464285714285722
1.1988095238095227
-0.8547619047619044
-2.6750000000000007
-1.9726190476190446
-0.43333333333333357
1.373809523809527
1.6726190476190474
0.44761904761904603
1.423809523809524
2.265476190476189
2.3738095238095234
1.4928571428571438
0.08809523809523867
0.125
0.3809523809523796
-0.07142857142857295
-1.4023809523809518
-0.5166666666666693
0.7345238095238109
0.02499999999999858
-1.582142857142859
-0.6750000000000007
-1.734523809523811
-1.3845238095238095
-2.1452380952380956
-4.395238095238096
-2.0119047619047628
-2.2285714285714278
-3.8321428571428555
-2.764285714285716
-0.40952380952380807
0.6464285714285722
0.9892857142857174
1.1369047619047628
-2.3952380952380956
-1.4154761904761877
-0.12380952380952337
-0.8785714285714263
-3.2107142857142854
-1.0059523809523796
-1.6416666666666693
0.10238095238095113
-1.798809523809524
-3.4630952380952387
-3.178571428571427
-1.980952380952381
-3.173809523809524
-2.1595238095238116
-2.991666666666667
-3.082142857142859
-1.2440476190476204
-0.601190476190478
-0.9345238095238102
-1.5357142857142847
0.10833333333333428
1.8619047619047606
1.9119047619047649
-0.6130952380952372
-2.6309523809523796
-3.584523809523809
-4.628571428571426
-4.0619047619047635
-2.666666666666668
-1.0833333333333321
-0.9416666666666664
-0.9797619047619044
-0.4178571428571445
1.0690476190476232
1.226190476190478
1.101190476190478
2.045238095238094
0.1547619047619051
1.6583333333333314
-0.19761904761904603
-2.3428571428571416
-2.0130952380952394
-2.428571428571427
-1.8130952380952365
-1.8678571428571402
-1.5547619047619037
-2.1071428571428577
-1.5654761904761898
-3.923809523809524
-3.4666666666666686
-3.260714285714286
-2.7273809523809547
-4.163095238095238
-3.5357142857142847
-1.6273809523809533
-1.3285714285714292
0.6166666666666671
0.2607142857142861
-2.2869047619047613
-0.6928571428571395
0.4202380952380942
1.2476190476190467
1.5583333333333336
1.9035714285714285
2.87857142857143
3.170238095238094
3.0166666666666657
0.08452380952381233
-2.99285714285714
-2.4952380952380935
-4.304761904761904
-4.029761904761903
-2.741666666666667
-1.8619047619047642
-1.2630952380952394
-0.01666666666666572
0.31666666666667
1.7761904761904752
3.0857142857142854
2.2523809523809533
2.7869047619047613
4.839285714285715
2.5333333333333314
2.653571428571425
2.2511904761904766
2.2821428571428584
3.7095238095238123
-1.2702380952380938
-3.473809523809523
-4.3273809523809526
-3.2357142857142858
0.12857142857142811
-2.0440476190476193
-0.7845238095238098
-0.028571428571430246
0.7535714285714281
0.7107142857142854
2.2738095238095237
2.0249999999999986
2.6999999999999993
-0.36071428571428577
0.4035714285714267
0.9714285714285698
0.4428571428571413
-0.6511904761904752
0.8273809523809543
-1.5583333333333353
-2.658333333333333
-1.9845238095238091
-0.5630952380952365
0.492857142857142
-0.0880952380952369
-0.2726190476190471
-0.5488095238095241
-1.4226190476190474
-1.2249999999999996
-2.3892857142857142
-2.6119047619047615
-4.351190476190475
-4.280952380952382
-1.0047619047619047
-1.3392857142857135
-0.5619047619047617
0.841666666666665
1.817857142857143
2.4059523809523817
-0.25
-1.3964285714285714
-3.098809523809523
-4.246428571428571
-2.3095238095238093
-2.132142857142857
-2.711904761904761
-0.11190476190476151
0.18928571428571406
1.345238095238095
2.3857142857142852
1.3619047619047615
-0.5083333333333329
-0.4119047619047622
-0.7452380952380953
-1.679761904761905
-0.7380952380952381
0.2630952380952376
-1.5011904761904762
-3.583333333333333
-2.555952380952381
-1.4083333333333328
-1.6392857142857147
-1.7785714285714285
-3.335714285714286
-5.939285714285715
-5.726190476190476
-6.178571428571429
-5.484523809523809
-3.354761904761905
-2.4154761904761903
-0.3833333333333333
-1.0333333333333332
-0.8440476190476192
-0.9166666666666667
0.027380952380952728
-0.38095238095238093
-2.894047619047619
-2.6976190476190474
-3.7559523809523805
-5.767857142857142
-4.852380952380952
-3.494047619047619
-2.3345238095238092
-3.397619047619048
-3.4892857142857143
-5.334523809523809
-5.210714285714285
-2.4916666666666667
-3.802380952380952
-4.0928571428571425
-3.011904761904762
-2.007142857142857
-0.9869047619047618
-0.33333333333333337
